2 21 3 4 5 10 11 12 13 14 16 17 18 24 26 28 30 41 42 43 72 77 78
3 18 2 4 8 10 11 12 13 14 17 18 26 28 30 41 42 43 77 85
4 14 2 3 5 10 11 14 17 24 26 42 43 72 77 78
5 4 2 4 17 18
7 5 8 15 16 46 47
8 6 3 7 15 16 46 47
10 12 2 3 4 11 12 13 14 16 17 24 28 49
11 7 2 3 4 10 12 26 77
12 7 2 3 10 11 13 26 30
13 5 2 3 10 12 28
14 13 2 3 4 10 16 24 28 41 42 43 49 60 85
15 5 7 8 16 46 47
16 12 2 7 8 10 14 15 24 28 46 47 49 60
17 7 2 3 4 5 10 18 28
18 5 2 3 5 17 28
24 8 2 4 10 14 16 41 43 49
26 6 2 3 4 11 12 28
28 12 2 3 10 13 14 16 17 18 26 41 60 85
30 3 2 3 12
41 20 2 3 14 24 28 42 43 44 49 50 51 52 53 54 58 60 62 72 77 79
42 16 2 3 4 14 41 43 47 49 50 51 53 54 58 60 77 79
43 14 2 3 4 14 24 41 42 49 50 53 58 60 72 77
44 4 41 53 54 60
46 5 7 8 15 16 47
47 6 7 8 15 16 42 46
49 12 10 14 16 24 41 42 43 50 51 52 53 60
50 7 41 42 43 49 51 58 77
51 8 41 42 49 50 52 58 60 62
52 4 41 49 51 60
53 8 41 42 43 44 49 54 60 77
54 5 41 42 44 53 60
58 5 41 42 43 50 51
60 13 14 16 28 41 42 43 44 49 51 52 53 54 85
62 2 41 51
72 4 2 4 41 43
77 9 2 3 4 11 41 42 43 50 53
78 2 2 4
79 2 41 42
85 4 3 14 28 60
